0 0.499820 0.388747 0.056014 0.066496
0 0.435727 0.395780 0.060323 0.044757
0 0.581867 0.508951 0.254578 0.161125
0 0.762837 0.512788 0.120646 0.140665
0 0.384201 0.528133 0.118492 0.166240
0 0.180072 0.554987 0.099102 0.145780
0 0.280431 0.544118 0.079713 0.111253
0 0.517774 0.706522 0.129982 0.234015
0 0.676302 0.717391 0.165889 0.240409
0 0.366248 0.731458 0.076840 0.217391
0 0.240395 0.739770 0.162657 0.210997
0 0.791562 0.919437 0.236625 0.122762
0 0.607002 0.911765 0.105566 0.130435
0 0.439497 0.929028 0.199282 0.121483
0 0.063914 0.928389 0.065350 0.132992
0 0.218492 0.937980 0.216158 0.124041
