0 0.147500 0.019583 0.221250 0.080833
0 0.338750 0.057500 0.131250 0.120000
0 0.478750 0.057500 0.125000 0.080000
0 0.649375 0.099167 0.196250 0.138333
0 0.804063 0.104167 0.110000 0.073333
0 0.176250 0.365833 0.306250 0.108333
0 0.454688 0.388333 0.215625 0.093333
0 0.642500 0.391667 0.136875 0.071667
0 0.782813 0.405000 0.115625 0.068333
0 0.146250 0.495417 0.247500 0.124167
0 0.388437 0.507500 0.213750 0.121667
0 0.573438 0.507083 0.128125 0.072500
0 0.535000 0.822917 0.192500 0.079167
0 0.311250 0.828750 0.225000 0.052500
0 0.123750 0.838750 0.119375 0.035833
0 0.047500 0.842500 0.048750 0.060000
0 0.606875 0.932500 0.186875 0.060000
0 0.372500 0.952083 0.258750 0.079167
0 0.077188 0.964167 0.108125 0.066667
0 0.187500 0.962083 0.075000 0.062500
