0 0.437574 0.133231 0.103448 0.019908
0 0.322235 0.145865 0.122473 0.034456
0 0.922711 0.267611 0.026159 0.014548
0 0.435196 0.320061 0.217598 0.042879
0 0.205707 0.335758 0.229489 0.022205
0 0.142687 0.511868 0.083234 0.037519
0 0.236029 0.513783 0.101070 0.033691
0 0.391201 0.518377 0.202140 0.036753
0 0.155767 0.668453 0.142687 0.075038
0 0.294887 0.694104 0.121284 0.083461
0 0.489893 0.720521 0.272295 0.120980
0 0.741974 0.743874 0.206897 0.086524
0 0.312128 0.875957 0.390012 0.188361
0 0.638526 0.942190 0.267539 0.132466
