0 0.816060 0.321146 0.044818 0.037549
0 0.864146 0.333004 0.042017 0.045455
0 0.915966 0.329051 0.024276 0.033597
0 0.347806 0.384387 0.231559 0.108696
0 0.577498 0.402174 0.212885 0.100791
0 0.749767 0.416008 0.119514 0.077075
0 0.457049 0.520751 0.253968 0.120553
0 0.661531 0.534585 0.124183 0.088933
0 0.126984 0.711462 0.233427 0.130435
0 0.388422 0.715415 0.259570 0.122530
0 0.644725 0.740119 0.227824 0.124506
0 0.883287 0.720356 0.229692 0.104743
0 0.505135 0.919960 0.233427 0.112648
0 0.685808 0.915020 0.118581 0.071146
