0 0.300667 0.034039 0.110926 0.043873
0 0.414095 0.054841 0.112594 0.052194
0 0.501668 0.065431 0.062552 0.031014
0 0.287740 0.083207 0.084237 0.052950
0 0.371143 0.090393 0.068390 0.029501
0 0.432027 0.097201 0.046706 0.029501
0 0.478732 0.108926 0.051710 0.037821
0 0.555880 0.114221 0.099249 0.049924
0 0.783570 0.115356 0.027523 0.012859
0 0.633862 0.122163 0.055046 0.026475
0 0.791076 0.125567 0.022519 0.010590
0 0.300250 0.192133 0.102585 0.037821
0 0.410342 0.207262 0.111760 0.049924
0 0.499166 0.209153 0.062552 0.027988
0 0.306505 0.236762 0.115096 0.036309
0 0.401168 0.249244 0.068390 0.041604
0 0.471643 0.248865 0.062552 0.027231
0 0.554212 0.255673 0.098415 0.040847
0 0.633028 0.259077 0.053378 0.024962
0 0.324437 0.359682 0.153461 0.035552
0 0.461218 0.364599 0.110092 0.039334
0 0.555880 0.361952 0.069224 0.024962
0 0.624687 0.363464 0.058382 0.024962
0 0.311510 0.405825 0.124270 0.040091
0 0.431193 0.407337 0.108424 0.040091
0 0.521685 0.402421 0.065888 0.024206
0 0.505004 0.511346 0.099249 0.022693
0 0.396163 0.517776 0.113428 0.018911
0 0.306922 0.523828 0.055046 0.015885
0 0.266472 0.526097 0.024187 0.021936
0 0.542118 0.548411 0.097581 0.021180
0 0.426606 0.561649 0.130942 0.029501
0 0.281902 0.568079 0.057548 0.025719
0 0.337364 0.566188 0.037531 0.023449
0 0.603420 0.671331 0.060884 0.031014
0 0.538782 0.679652 0.067556 0.017398
0 0.446205 0.691377 0.112594 0.016641
0 0.324437 0.707262 0.129274 0.040847
