0 0.783991 0.359786 0.122807 0.061678
0 0.620066 0.364720 0.151316 0.053454
0 0.331140 0.371299 0.367325 0.076480
0 0.686952 0.410362 0.044956 0.034539
0 0.546601 0.503701 0.115132 0.041941
0 0.740132 0.502056 0.244518 0.037007
0 0.376096 0.516447 0.203947 0.050987
0 0.208882 0.516036 0.109649 0.032072
0 0.472039 0.537829 0.020833 0.019737
0 0.681469 0.615954 0.156798 0.039474
0 0.497259 0.621711 0.180921 0.036184
0 0.805373 0.618421 0.066886 0.031250
0 0.283443 0.635691 0.231360 0.059211
0 0.721491 0.730263 0.240132 0.052632
0 0.506579 0.738487 0.168860 0.062500
0 0.874452 0.725329 0.038377 0.026316
0 0.317982 0.742599 0.176535 0.037829
0 0.765899 0.835526 0.183114 0.044408
0 0.582785 0.845806 0.169956 0.027138
0 0.427632 0.855263 0.111842 0.039474
0 0.298246 0.858964 0.128289 0.035362
