0 0.792948 0.189684 0.079803 0.146423
0 0.865496 0.178037 0.056007 0.143095
0 0.492745 0.183028 0.101567 0.116473
0 0.735055 0.187188 0.029600 0.124792
0 0.903802 0.173877 0.010737 0.081531
0 0.575595 0.200499 0.054846 0.134775
0 0.710824 0.183028 0.009576 0.079867
0 0.179629 0.201331 0.081254 0.116473
0 0.424985 0.205491 0.028149 0.124792
0 0.613175 0.191348 0.011027 0.079867
0 0.250580 0.218802 0.054846 0.134775
0 0.121735 0.222962 0.028149 0.126456
0 0.399884 0.205491 0.009286 0.071547
0 0.682240 0.627288 0.574289 0.542429
0 0.283517 0.592346 0.140453 0.482529
0 0.127539 0.637271 0.190946 0.582363
