0 0.166761 0.054922 0.193803 0.109843
0 0.385634 0.077033 0.168451 0.154066
0 0.747324 0.057061 0.491831 0.114123
0 0.356901 0.309558 0.170141 0.191155
0 0.605915 0.297432 0.265915 0.164051
0 0.881127 0.304565 0.218592 0.158345
0 0.134930 0.289586 0.192113 0.122682
0 0.152958 0.543509 0.243944 0.154066
0 0.384789 0.573466 0.167324 0.211127
0 0.568451 0.557061 0.144225 0.166904
0 0.812676 0.571327 0.289577 0.215407
0 0.210986 0.833809 0.276620 0.258203
0 0.692113 0.842368 0.334648 0.178317
0 0.435211 0.855920 0.117183 0.196862
