0 0.440589 0.273826 0.072243 0.029696
0 0.452947 0.332873 0.066540 0.045580
0 0.401458 0.338398 0.037389 0.051105
0 0.462294 0.392956 0.053232 0.058011
0 0.416191 0.396409 0.042142 0.051105
0 0.452947 0.461326 0.115653 0.058011
0 0.595215 0.796616 0.149873 0.136050
0 0.769487 0.798688 0.180925 0.174724
0 0.262357 0.801450 0.296895 0.126381
0 0.466255 0.796616 0.093156 0.107044
0 0.276299 0.914019 0.093790 0.071133
0 0.395913 0.919199 0.135932 0.081492
0 0.621515 0.934392 0.166350 0.102210
0 0.505545 0.942334 0.068758 0.107044
