0 0.692723 0.234561 0.121414 0.115926
0 0.562578 0.277356 0.131393 0.097508
0 0.804158 0.415493 0.268191 0.063922
0 0.589605 0.491333 0.140125 0.105092
0 0.374220 0.557421 0.238254 0.144095
0 0.777755 0.618635 0.286071 0.041170
0 0.542204 0.724810 0.158420 0.130011
0 0.860707 0.713976 0.071518 0.028169
0 0.350312 0.781148 0.182121 0.143012
0 0.799792 0.743770 0.049896 0.031419
0 0.730561 0.779523 0.094802 0.037920
0 0.864657 0.855363 0.046570 0.035753
0 0.816424 0.878115 0.050312 0.046587
0 0.713098 0.918743 0.131809 0.026002
