1 0.397656 0.420898 0.179688 0.107422
1 0.681641 0.438477 0.221875 0.144531
1 0.017188 0.467773 0.021875 0.017578
1 0.051562 0.467773 0.046875 0.017578
1 0.032813 0.497070 0.031250 0.013672
1 0.058594 0.496094 0.023438 0.011719
1 0.032813 0.535156 0.028125 0.011719
1 0.061719 0.546875 0.023438 0.011719
1 0.027344 0.549805 0.014063 0.013672
1 0.039062 0.548828 0.009375 0.011719
1 0.059375 0.569336 0.028125 0.013672
1 0.028906 0.572266 0.014063 0.011719
1 0.289844 0.587891 0.051562 0.027344
1 0.047266 0.593750 0.067969 0.011719
1 0.023438 0.613281 0.012500 0.011719
1 0.049219 0.623047 0.057031 0.009766
1 0.024609 0.751465 0.022656 0.151367
