1 0.316797 0.046875 0.132031 0.117188
1 0.464453 0.079590 0.160938 0.125977
1 0.604688 0.109863 0.124219 0.108398
1 0.799219 0.091797 0.023438 0.011719
1 0.823438 0.090820 0.025000 0.009766
1 0.977344 0.159180 0.042188 0.052734
1 0.381250 0.501953 0.153125 0.062500
1 0.566406 0.502930 0.182812 0.056641
1 0.735156 0.504883 0.129688 0.052734
1 0.127344 0.513672 0.089063 0.058594
1 0.932813 0.513672 0.046875 0.039062
1 0.012500 0.619141 0.025000 0.031250
1 0.444531 0.634766 0.032813 0.027344
1 0.467187 0.637695 0.009375 0.017578
1 0.067187 0.928711 0.018750 0.017578
1 0.010156 0.942383 0.020313 0.021484
1 0.078125 0.954102 0.025000 0.013672
