1 0.203516 0.316406 0.028906 0.195312
1 0.612109 0.488281 0.096875 0.041016
1 0.448047 0.491699 0.209375 0.041992
1 0.656250 0.578125 0.046875 0.011719
1 0.671094 0.587891 0.023438 0.011719
1 0.696875 0.586914 0.018750 0.009766
1 0.617969 0.588867 0.017188 0.009766
1 0.642969 0.588867 0.026562 0.009766
1 0.617188 0.609375 0.028125 0.011719
1 0.643750 0.609375 0.018750 0.011719
1 0.663281 0.609375 0.017188 0.011719
1 0.681250 0.608398 0.015625 0.009766
1 0.635156 0.619141 0.020313 0.011719
1 0.653906 0.619141 0.017188 0.011719
1 0.681250 0.619141 0.034375 0.011719
