1 0.843111 0.385257 0.185539 0.066759
1 0.242838 0.371349 0.043656 0.027816
1 0.317190 0.371349 0.099591 0.027816
1 0.130969 0.374131 0.145975 0.025035
1 0.621419 0.388039 0.237381 0.058414
1 0.211460 0.427677 0.391542 0.062587
1 0.894270 0.438804 0.091405 0.026426
1 0.718281 0.440890 0.069577 0.025035
1 0.813097 0.440890 0.060027 0.025035
1 0.647340 0.442976 0.061392 0.026426
1 0.766712 0.440890 0.016371 0.022253
1 0.510232 0.440195 0.010914 0.012517
1 0.532742 0.444367 0.036835 0.026426
1 0.582538 0.444367 0.057299 0.026426
1 0.773533 0.468707 0.040928 0.025035
1 0.845157 0.468707 0.094134 0.025035
1 0.640518 0.470793 0.064120 0.026426
1 0.698499 0.470793 0.043656 0.026426
1 0.736016 0.469402 0.028649 0.023644
1 0.577080 0.472184 0.060027 0.026426
1 0.336971 0.478442 0.092769 0.027816
1 0.266030 0.479138 0.019100 0.023644
1 0.227831 0.481919 0.030014 0.026426
1 0.059345 0.483310 0.036835 0.026426
1 0.128922 0.483310 0.080491 0.026426
1 0.188267 0.484006 0.021828 0.022253
