0 0.506750 0.137000 0.083000 0.049333
0 0.399750 0.156667 0.082500 0.021333
0 0.569625 0.180167 0.041500 0.073000
0 0.342500 0.207667 0.028750 0.018000
0 0.515500 0.210167 0.063250 0.012333
0 0.380250 0.233667 0.074500 0.008667
0 0.572250 0.371667 0.052750 0.025333
0 0.521000 0.380000 0.045500 0.031333
0 0.454500 0.387167 0.076500 0.023667
0 0.387250 0.395833 0.051750 0.026333
0 0.336625 0.405167 0.051750 0.027000
0 0.501875 0.444000 0.223750 0.061333
0 0.360000 0.443667 0.026500 0.029333
0 0.532125 0.512500 0.059750 0.021000
0 0.468000 0.520167 0.062250 0.023667
0 0.575500 0.572333 0.055500 0.010667
0 0.506625 0.578500 0.064500 0.021000
0 0.525750 0.611833 0.090000 0.015000
0 0.556125 0.631000 0.053750 0.008000
