0 0.474125 0.036568 0.051750 0.073135
0 0.844500 0.025841 0.136000 0.051682
0 0.510875 0.018284 0.015750 0.036568
0 0.678500 0.054364 0.153500 0.016090
0 0.384625 0.063627 0.118750 0.036568
0 0.305375 0.085080 0.032750 0.060946
0 0.808875 0.197221 0.258750 0.149683
0 0.120625 0.190395 0.156750 0.118479
0 0.508500 0.274988 0.275500 0.148220
0 0.270625 0.324232 0.167750 0.107265
0 0.097500 0.380059 0.160000 0.089225
0 0.302625 0.483179 0.162500 0.066309
0 0.174875 0.505607 0.081250 0.073135
0 0.074875 0.519503 0.103250 0.082399
0 0.842875 0.691858 0.152000 0.064359
0 0.691375 0.698927 0.133000 0.043393
0 0.558375 0.710385 0.117750 0.037055
