0 0.765504 0.612082 0.062984 0.020051
0 0.706880 0.615167 0.035853 0.032391
0 0.551357 0.613882 0.065891 0.019537
0 0.635820 0.613368 0.084625 0.021594
0 0.860788 0.667352 0.206718 0.091517
0 0.588824 0.667352 0.297158 0.097686
0 0.385659 0.663753 0.059432 0.059640
0 0.549096 0.728792 0.157946 0.020051
0 0.740472 0.727249 0.199935 0.022108
0 0.657623 0.786889 0.618863 0.081748
0 0.209787 0.796915 0.177326 0.083290
0 0.895995 0.889203 0.205426 0.110540
0 0.393734 0.917738 0.213178 0.148072
0 0.647448 0.912853 0.211240 0.108483
