0 0.631220 0.039000 0.097073 0.015333
0 0.640244 0.101333 0.130732 0.018667
0 0.633171 0.148167 0.102927 0.021000
0 0.626341 0.186000 0.094634 0.026000
0 0.641463 0.243333 0.136585 0.013333
0 0.683415 0.266333 0.088293 0.016667
0 0.595366 0.270667 0.086341 0.016000
0 0.338537 0.430500 0.175122 0.079000
0 0.589512 0.437333 0.321463 0.091333
0 0.087805 0.497500 0.098537 0.048333
0 0.444634 0.520167 0.189756 0.043667
0 0.595854 0.522000 0.094146 0.050667
0 0.363171 0.608667 0.046341 0.009333
0 0.419268 0.612167 0.062439 0.012333
0 0.476341 0.615333 0.048780 0.010000
0 0.515366 0.618333 0.030732 0.010667
0 0.737073 0.628000 0.136098 0.028667
0 0.896341 0.637167 0.147805 0.031000
0 0.899756 0.928833 0.043415 0.020333
0 0.962439 0.930167 0.078049 0.020333
0 0.934146 0.972667 0.136098 0.048000
