0 0.569500 0.303000 0.023500 0.022667
0 0.542000 0.307167 0.025000 0.014333
0 0.501500 0.317333 0.050250 0.010000
0 0.465500 0.321667 0.015500 0.018667
0 0.429375 0.328333 0.031500 0.013333
0 0.658375 0.374333 0.144250 0.071333
0 0.374375 0.338000 0.071000 0.006667
0 0.323250 0.345667 0.025000 0.016667
0 0.300750 0.348833 0.014000 0.014333
0 0.494500 0.413500 0.198500 0.123000
0 0.349875 0.416500 0.084250 0.087667
0 0.203000 0.421667 0.028000 0.048000
0 0.667125 0.521833 0.430250 0.054333
0 0.182750 0.463333 0.075500 0.022667
0 0.216250 0.570000 0.386500 0.068667
