0 0.413875 0.364709 0.056750 0.026029
0 0.423375 0.414044 0.053250 0.049637
0 0.383500 0.419794 0.033000 0.052663
0 0.394375 0.470642 0.032750 0.049031
0 0.431125 0.472760 0.040750 0.053269
0 0.386625 0.527542 0.017250 0.041768
0 0.432000 0.531174 0.073500 0.049031
0 0.535125 0.819007 0.120250 0.124697
0 0.674875 0.828390 0.143750 0.136199
0 0.272500 0.824455 0.236000 0.113801
0 0.433500 0.819007 0.073500 0.094431
0 0.284250 0.924939 0.075000 0.064165
0 0.378125 0.928571 0.106250 0.071429
0 0.555375 0.937954 0.129750 0.082930
0 0.461625 0.936138 0.048250 0.064770
