0 0.096705 0.410628 0.133954 0.072464
0 0.452722 0.433575 0.028653 0.070048
0 0.519699 0.435990 0.096705 0.074879
0 0.597421 0.444444 0.048711 0.067633
0 0.786175 0.452899 0.043696 0.041063
0 0.832736 0.460145 0.041547 0.031401
0 0.895774 0.472222 0.063754 0.094203
0 0.960602 0.458937 0.053009 0.057971
0 0.172636 0.666667 0.199857 0.342995
0 0.569126 0.647343 0.115330 0.227053
0 0.391117 0.655797 0.186246 0.190821
0 0.812679 0.714976 0.282235 0.260870
0 0.447350 0.868357 0.113897 0.157005
0 0.590974 0.880435 0.141834 0.142512
